{
 "objects": [
  {
   "name": "object.001",
   "path": "/home/s2514643/MOAD-data-generation-latest/output_data/processed_blend_files_final/banana_028/banana_028-crack-001.blend",
   "rotation_matrix": [
    [
     -0.8961508274078369,
     -0.4437495768070221,
     0.0,
     -0.2784024477005005
    ],
    [
     0.4437495768070221,
     -0.8961508274078369,
     0.0,
     0.17210562527179718
    ],
    [
     0.0,
     0.0,
     1.0,
     0.0338045135140419
    ],
    [
     0.0,
     0.0,
     0.0,
     1.0
    ]
   ],
   "rotation_euler": [
    0.0,
    -0.0,
    2.681814193725586
   ],
   "location": [
    -0.2784024477005005,
    0.17210562527179718,
    0.0338045135140419
   ],
   "scale": [
    1.0,
    1.0,
    1.0
   ],
   "bbox": [
    [
     -0.2784024477005005,
     0.17210562527179718,
     0.0338045135140419
    ],
    [
     0.308686226606369,
     0.3334202766418457,
     0.07273239642381668
    ]
   ]
  },
  {
   "name": "object.002",
   "path": "/home/s2514643/MOAD-data-generation-latest/output_data/processed_blend_files_final/banana_028/banana_028.blend",
   "rotation_matrix": [
    [
     -0.8293662667274475,
     0.5587052702903748,
     0.0,
     -0.05518671125173569
    ],
    [
     -0.5587052702903748,
     -0.8293662667274475,
     0.0,
     -0.1500357985496521
    ],
    [
     0.0,
     0.0,
     1.0,
     0.03394991531968117
    ],
    [
     0.0,
     0.0,
     0.0,
     1.0
    ]
   ],
   "rotation_euler": [
    0.0,
    0.0,
    -2.5487687587738037
   ],
   "location": [
    -0.05518671125173569,
    -0.1500357985496521,
    0.03394991531968117
   ],
   "scale": [
    1.0,
    1.0,
    1.0
   ],
   "bbox": [
    [
     -0.05518671125173569,
     -0.1500357985496521,
     0.03394991531968117
    ],
    [
     0.2569524645805359,
     0.37613150477409363,
     0.07156236469745636
    ]
   ]
  },
  {
   "name": "object",
   "path": "/home/s2514643/MOAD-data-generation-latest/output_data/processed_blend_files_final/banana_028/banana_028.blend",
   "rotation_matrix": [
    [
     0.31927385926246643,
     0.9476624131202698,
     0.0,
     0.23131294548511505
    ],
    [
     -0.9476624131202698,
     0.31927385926246643,
     0.0,
     0.2217257171869278
    ],
    [
     0.0,
     0.0,
     1.0,
     0.03394991531968117
    ],
    [
     0.0,
     0.0,
     0.0,
     1.0
    ]
   ],
   "rotation_euler": [
    0.0,
    0.0,
    -1.245833158493042
   ],
   "location": [
    0.23131294548511505,
    0.2217257171869278,
    0.03394991531968117
   ],
   "scale": [
    0.9999999403953552,
    0.9999999403953552,
    1.0
   ],
   "bbox": [
    [
     0.23131294548511505,
     0.2217257171869278,
     0.03394991531968117
    ],
    [
     0.2569524347782135,
     0.37613147497177124,
     0.07156236469745636
    ]
   ]
  }
 ],
 "camera": {
  "poses": [
   {
    "rotation": [
     [
      0.09840439260005951,
      0.9951465725898743,
      9.145826851408856e-08,
      -0.07567010819911957
     ],
     [
      0.37151211500167847,
      -0.03673660382628441,
      -0.9277010560035706,
      0.051197201013565063
     ],
     [
      -0.9231984615325928,
      0.0912899449467659,
      -0.3733239769935608,
      0.8454787731170654
     ],
     [
      0.0,
      0.0,
      0.0,
      1.0
     ]
    ]
   },
   {
    "rotation": [
     [
      -0.21634000539779663,
      0.9763181805610657,
      5.876784925362699e-08,
      -0.08647098392248154
     ],
     [
      0.39059850573539734,
      0.08655188977718353,
      -0.9164833426475525,
      0.041684068739414215
     ],
     [
      -0.8947793245315552,
      -0.19827190041542053,
      -0.40007293224334717,
      0.8523581027984619
     ],
     [
      0.0,
      0.0,
      0.0,
      1.0
     ]
    ]
   },
   {
    "rotation": [
     [
      -0.517191469669342,
      0.8558697700500488,
      -9.224637409488423e-08,
      -0.08860888332128525
     ],
     [
      0.3720453083515167,
      0.2248222827911377,
      -0.900576114654541,
      0.029331780970096588
     ],
     [
      -0.7707757949829102,
      -0.46577027440071106,
      -0.4346984624862671,
      0.8453768491744995
     ],
     [
      0.0,
      0.0,
      0.0,
      1.0
     ]
    ]
   },
   {
    "rotation": [
     [
      -0.7710331082344055,
      0.6367951035499573,
      6.586944323316857e-10,
      -0.08102798461914062
     ],
     [
      0.30212077498435974,
      0.3658086061477661,
      -0.8802881240844727,
      0.014594614505767822
     ],
     [
      -0.5605631470680237,
      -0.6787312626838684,
      -0.4744395315647125,
      0.8290854692459106
     ],
     [
      0.0,
      0.0,
      0.0,
      1.0
     ]
    ]
   },
   {
    "rotation": [
     [
      -0.9431226849555969,
      0.3324454426765442,
      -7.786677969079392e-09,
      -0.06343697011470795
     ],
     [
      0.17058591544628143,
      0.48393943905830383,
      -0.8583142757415771,
      -0.0007863659411668777
     ],
     [
      -0.28534263372421265,
      -0.8094955086708069,
      -0.5131244659423828,
      0.8105937242507935
     ],
     [
      0.0,
      0.0,
      0.0,
      1.0
     ]
    ]
   },
   {
    "rotation": [
     [
      -0.9995982050895691,
      -0.028343815356492996,
      4.249747220796962e-10,
      -0.03681602701544762
     ],
     [
      -0.01535339280962944,
      0.5414664149284363,
      -0.8405821323394775,
      -0.013297496363520622
     ],
     [
      0.023825304582715034,
      -0.8402444124221802,
      -0.541684091091156,
      0.7968510389328003
     ],
     [
      0.0,
      0.0,
      0.0,
      1.0
     ]
    ]
   },
   {
    "rotation": [
     [
      -0.918310821056366,
      -0.3958611488342285,
      -1.1040794944960908e-08,
      -0.004271457903087139
     ],
     [
      -0.21830308437347412,
      0.5064152479171753,
      -0.8341990113258362,
      -0.018663529306650162
     ],
     [
      0.33022692799568176,
      -0.7660536170005798,
      -0.5514637231826782,
      0.7924726605415344
     ],
     [
      0.0,
      0.0,
      0.0,
      1.0
     ]
    ]
   },
   {
    "rotation": [
     [
      -0.7062762379646301,
      -0.7079362869262695,
      -1.5141786491312814e-08,
      0.028954869136214256
     ],
     [
      -0.3815910816192627,
      0.38069629669189453,
      -0.8422936201095581,
      -0.014707550406455994
     ],
     [
      0.5962902307510376,
      -0.5948920249938965,
      -0.539018988609314,
      0.7987516522407532
     ],
     [
      0.0,
      0.0,
      0.0,
      1.0
     ]
    ]
   },
   {
    "rotation": [
     [
      -0.40272125601768494,
      -0.9153227210044861,
      -5.691777005267795e-08,
      0.05739402025938034
     ],
     [
      -0.4653361141681671,
      0.20473740994930267,
      -0.8611300587654114,
      -0.0032365769147872925
     ],
     [
      0.7882119417190552,
      -0.34679529070854187,
      -0.5083847641944885,
      0.8135313987731934
     ],
     [
      0.0,
      0.0,
      0.0,
      1.0
     ]
    ]
   },
   {
    "rotation": [
     [
      -0.059517886489629745,
      -0.9982272386550903,
      5.3114355580419215e-08,
      0.07743659615516663
     ],
     [
      -0.46770721673965454,
      0.027886345982551575,
      -0.8834434747695923,
      0.011613535694777966
     ],
     [
      0.8818773031234741,
      -0.052580688148736954,
      -0.4685378074645996,
      0.8315934538841248
     ],
     [
      0.0,
      0.0,
      0.0,
      1.0
     ]
    ]
   },
   {
    "rotation": [
     [
      0.2774871289730072,
      -0.9607293605804443,
      1.2606133026338284e-08,
      0.08761608600616455
     ],
     [
      -0.41166597604751587,
      -0.11890134960412979,
      -0.9035450220108032,
      0.026264548301696777
     ],
     [
      0.8680622577667236,
      0.25072211027145386,
      -0.4284931719303131,
      0.8458730578422546
     ],
     [
      0.0,
      0.0,
      0.0,
      1.0
     ]
    ]
   },
   {
    "rotation": [
     [
      0.5746665000915527,
      -0.8183876872062683,
      3.0845090037701084e-08,
      0.08786089718341827
     ],
     [
      -0.3396277129650116,
      -0.23848436772823334,
      -0.9098232388496399,
      0.0388646274805069
     ],
     [
      0.7445880770683289,
      0.5228449702262878,
      -0.41499608755111694,
      0.8453624248504639
     ],
     [
      0.0,
      0.0,
      0.0,
      1.0
     ]
    ]
   },
   {
    "rotation": [
     [
      0.8043428659439087,
      -0.5941654443740845,
      2.4086045158355773e-08,
      0.07892393320798874
     ],
     [
      -0.2536355257034302,
      -0.3433554470539093,
      -0.9043097496032715,
      0.05040597915649414
     ],
     [
      0.5373095870018005,
      0.7273750901222229,
      -0.426876962184906,
      0.8300055861473083
     ],
     [
      0.0,
      0.0,
      0.0,
      1.0
     ]
    ]
   },
   {
    "rotation": [
     [
      0.9478119611740112,
      -0.31882986426353455,
      -4.6668136022276485e-09,
      0.06253236532211304
     ],
     [
      -0.1401594877243042,
      -0.4166637063026428,
      -0.8981907963752747,
      0.060477618128061295
     ],
     [
      0.28637003898620605,
      0.851315975189209,
      -0.4396058917045593,
      0.8109068870544434
     ],
     [
      0.0,
      0.0,
      0.0,
      1.0
     ]
    ]
   },
   {
    "rotation": [
     [
      0.9997442364692688,
      -0.02261490374803543,
      1.1152889722865211e-09,
      0.04089360311627388
     ],
     [
      -0.010161329060792923,
      -0.4492051601409912,
      -0.8933708667755127,
      0.06798498332500458
     ],
     [
      0.020203495398163795,
      0.8931424021720886,
      -0.44932007789611816,
      0.7954649925231934
     ],
     [
      0.0,
      0.0,
      0.0,
      1.0
     ]
    ]
   },
   {
    "rotation": [
     [
      0.963202178478241,
      0.26877787709236145,
      1.1911767572314602e-08,
      0.016181165352463722
     ],
     [
      0.12165286391973495,
      -0.43595945835113525,
      -0.8917063474655151,
      0.07201980799436569
     ],
     [
      -0.23967088758945465,
      0.8588935136795044,
      -0.4526146948337555,
      0.7892597317695618
     ],
     [
      0.0,
      0.0,
      0.0,
      1.0
     ]
    ]
   },
   {
    "rotation": [
     [
      0.8449123501777649,
      0.5349047780036926,
      4.19328998191304e-08,
      -0.009708571247756481
     ],
     [
      0.23967012763023376,
      -0.3785724639892578,
      -0.8940028548240662,
      0.07213161885738373
     ],
     [
      -0.4782063961029053,
      0.7553540468215942,
      -0.4480612277984619,
      0.7944850921630859
     ],
     [
      0.0,
      0.0,
      0.0,
      1.0
     ]
    ]
   },
   {
    "rotation": [
     [
      0.6529459953308105,
      0.757404625415802,
      -7.011279734570053e-08,
      -0.034992486238479614
     ],
     [
      0.3309595584869385,
      -0.285314679145813,
      -0.899478554725647,
      0.06844824552536011
     ],
     [
      -0.6812690496444702,
      0.5873109698295593,
      -0.4369652271270752,
      0.8094303607940674
     ],
     [
      0.0,
      0.0,
      0.0,
      1.0
     ]
    ]
   },
   {
    "rotation": [
     [
      0.39868879318237305,
      0.9170863032341003,
      3.745137178157165e-08,
      -0.0576925128698349
     ],
     [
      0.3876779079437256,
      -0.16853675246238708,
      -0.9062567949295044,
      0.06158098578453064
     ],
     [
      -0.8311156034469604,
      0.36131447553634644,
      -0.4227277338504791,
      0.8288791179656982
     ],
     [
      0.0,
      0.0,
      0.0,
      1.0
     ]
    ]
   },
   {
    "rotation": [
     [
      0.10026834905147552,
      0.9949604272842407,
      -1.625065237931267e-08,
      -0.07558245211839676
     ],
     [
      0.4072750210762024,
      -0.04104365035891533,
      -0.9123828411102295,
      0.05238252878189087
     ],
     [
      -0.9077848196029663,
      0.09148311614990234,
      -0.4093379080295563,
      0.8455278277397156
     ],
     [
      0.0,
      0.0,
      0.0,
      1.0
     ]
    ]
   }
  ],
  "K": [
   [
    213.3333282470703,
    0.0,
    128.0
   ],
   [
    0.0,
    213.3333282470703,
    128.0
   ],
   [
    0.0,
    0.0,
    1.0
   ]
  ]
 },
 "scene": {
  "floor_pbr": "Marble012",
  "background_hdr": "ahornsteig.tar.gz-folder-environment_4k.hdr"
 },
 "rendering_info": {
  "object_loading_time": 0.02146625518798828
 }
}